36617
19952
28767
2415
42615
1380
45837
42998
12582
20159
48172
51458
65455
61602
34661
40861
39241
57825
584
23727
23579
37185
13529
54519
51760
40614
65009
9486
30138
61417
54174
25467
8526
55393
31204
47244
60620
20912
58976
58093
23279
43634
64821
9761
49051
15580
40443
24159
12435
40866
44532
58091
27463
51097
47685
34465
42868
60482
12564
21576
61744
60736
32301
11265
10865
61103
63093
40608
5605
59138
2184
58738
63452
44611
44802
40686
12188
36100
26175
44432
16607
23763
41539
48056
50088
38205
56768
10253
38268
29493
14305
34839
869
7603
18149
13434
56654
56704
20711
2531
62110
20440
48569
28039
10914
53238
64463
53822
41564
4906
41404
13849
10889
18883
42400
65028
29850
46425
40601
65506
53736
65301
10664
41433
52834
9872
28285
35148
11454
24621
2206
7143
63291
59569
8551
60145
57884
46946
40758
17276
9721
6288
63532
28393
5254
58446
27501
29976
58445
2179
19731
22176
50106
3720
20253
1958
943
48093
38703
58904
47634
50863
17819
52704
22396
13087
20716
17827
23808
28840
12662
58667
18781
57588
28005
3479
27998
32332
16013
14689
9819
53326
5002
39299
57739
62965
54303
54092
46129
64552
35109
37591
34951
64664
14727
15840
14268
6617
37682
32023
4760
40800
57280
3175
38555
40682
5182
28679
28966
58626
47342
53802
42851
7131
23715
38495
15560
17205
9858
43605
5375
7517
29663
31231
62919
61696
52664
50463
29448
42448
40289
41144
32898
13008
4478
19815
16967
63783
32381
32524
13432
43415
2067
24676
44456
58733
38513
20617
12778
57927
33242
48903
47424
60049
11427
63398
30559
57207
7743
22326
30266
42044
29829
41277
23909
6941
31392
49408
36817
41176
27073
35334
46193
35460
16029
21092
11940
24825
53922
61109
48565
33533
10308
31334
49411
37594
59874
57761
40248
63993
16881
43625
45076
48562
27704
31503
45227
32631
6883
13094
27358
30961
10599
39816
27561
32260
13015
8363
31141
64438
50090
16859
63337
49080
51248
20278
32027
18719
64420
18602
55573
62433
57201
43234
5721
32308
49743
14764
20285
62804
43549
47726
46500
52863
19836
50938
60459
56714
27200
37790
14184
36020
38631
25876
12295
34061
36653
13822
2037
13547
241
29308
35595
60888
3898
43766
16357
52803
22401
21507
15678
14493
61830
14481
52289
8701
1697
61238
65138
12851
37393
4692
16051
13932
11220
63107
13953
14980
27055
21002
21367
13372
6717
36093
54009
17094
2729
64106
37837
23794
1298
57823
29888
58591
37380
17389
48406
419
50933
34353
50530
8754
1228
31309
48620
31055
10282
26927
16634
11327
61407
16235
11222
61016
39120
39512
42756
46538
10247
7854
3442
31479
3967
10817
37254
44929
46963
64009
46628
29881
40962
50585
26433
65355
56517
59
14775
63326
26898
61421
64254
46515
32606
35323
44916
47007
43824
5668
44819
33062
41875
29220
5535
59072
13860
2758
57780
41715
14573
15123
10082
30698
56744
57462
48050
30269
5031
39362
57484
26804
20808
33082
14525
44376
531
52575
48051
50777
34446
54149
25926
50740
46475
32867
61601
2430
57322
47113
23442
56031
42521
52837
6681
2708
24064
44495
32432
57144
12039
28730
45910
16674
29770
29734
53060
37209
57847
65032
52953
14478
36139
37965
64366
56919
30009
44404
16740
9536
58606
22273
63554
16735
49522
61448
15677
19739
9807
19531
34950
44879
63973
56431
775
34486
7808
13869
4535
62794
43482
23349
57056
27349
61894
55584
34190
3310
2296
42520
8586
62462
29996
61291
62329
52524
59281
50995
9927
12348
46314
16081
35528
35561
52028
27496
49974
22871
14950
39455
29580
45270
54065
35317
42327
8227
22532
27282
59726
4676
41795
6411
20103
14254
39979
14116
28730
49362
58232
17869
18963
13660
36897
33326
53843
31026
55688
27684
12730
43855
4789
16385
53186
20339
16604
22827
57402
64164
61917
6991
4729
8068
52414
14656
60343
47957
57763
46733
659
27358
45018
61684
9010
49117
37418
7090
36414
47248
6997
34398
21312
43747
29073
38379
54562
16662
59125
44685
1993
50566
39424
17206
60534
43946
31547
35113
22912
17691
34603
50674
40530
59156
42346
4729
5963
30577
29196
41174
7133
46099
13508
55886
50408
23777
40110
61937
5999
19423
8087
7336
63848
4047
27461
29570
41153
43382
30157
28408
41315
63835
58080
58340
27329
24738
38428
54116
35315
15208
2438
14302
55221
39398
61975
10607
25309
59446
44669
17663
17834
48849
11432
41441
6003
38958
21774
58343
39526
40541
34250
4574
63260
44724
22289
58531
64354
21836
21882
49015
42886
9987
55292
37239
62327
4804
53050
34874
17393
4729
52308
59068
1347
58755
26274
4216
24092
2510
11449
6325
52859
6778
62679
79
52921
45854
26344
31353
28070
22949
11749
12720
25729
9930
16991
23389
53500
39526
3152
6382
35382
28038
47515
64112
62043
15566
39009
40840
60738
35365
48135
16891
51610
4483
55285
8004
1975
33275
26643
38689
60331
56892
49891
10699
12765
40665
4120
44028
25150
63738
53051
20304
34968
46601
18419
60642
17656
59523
2026
9485
34638
38858
19586
54187
604
38073
42888
25215
44311
60198
20849
9767
5102
30159
57449
2752
58984
41523
42225
59153
3665
23953
53796
15725
48503
58132
9313
35641
39747
59933
44083
30945
34059
47685
12272
54966
61646
28120
42083
52680
51838
11019
9913
41032
50704
7296
46884
49741
23842
15128
30722
39756
39774
39313
7944
26970
8770
26285
33147
13028
26815
39022
4084
32960
48769
33502
50611
29493
27380
6927
35280
16180
54860
29619
33062
63450
54407
4
1477
55664
18577
17490
18325
55541
40349
64810
22593
44027
20494
8038
7819
39541
35460
55386
24935
25934
59598
24181
32058
13188
50746
44011
3227
33378
12466
26329
46367
24102
7005
18645
44871
60909
47905
21385
35351
33160
60240
21702
3600
39103
63796
31465
11199
45961
32892
38528
12059
28688
59650
47185
21864
32875
15858
65358
42780
11460
14294
253
5349
25042
31718
25702
15933
5330
58491
13462
39933
4190
38329
34682
41254
61030
14312
18830
35667
9635
52119
497
20922
4729
39925
60912
22784
54843
7889
57952
12866
49882
28899
30065
53302
58940
15743
20561
54554
42482
33759
30163
10928
23627
59162
22140
12849
37058
12757
49897
61367
57878
61706
2016
33492
38371
37670
37853
38924
13042
14178
36989
52121
42616
17960
31603
61696
29664
